2 0  8  1  1  0        1       1   1   5    5    3
3 0  5  1  1  0        1       1   1   5  5    0.5
3 0  3  1  1  0        1       1   1   5    5    0.1
4 1  0  4  1  1        0       1   2   5    5    0.1
3 2  6  1  2  1        1       150   150  5    5    3
4 3  0  1  0  1      0         5   5   1    1    0.1
4 3  0  1  1  1      0          5   5   1    1    0.1
4 3  0  1  2  1      0          5   5   1    1    0.1
4 3  2  7  0  1     0           5   5   1    1    0.1
4 3  2  7  1  1     0           5   5   1    1    0.1
4 3  2  7  2  1     0           5   5   1    1    0.1
1 4  0  4  2  1    1       150  150  5    5    2
3 4  2  1  2  1    1       150 150 5    5    6
3 4  3  4  1  1    1        150   150   5    5    4
5 5  7  4  1  0        1        1   1   5  5    0.1
5 5  8  1  1  0        1       1   1   5    5    1
3 6  4  1  1  0        1       1   1   5    5    0.1
3 6  5  1  1  0        1       1   1   5    5    0.1
4 7  8  1  1  1     0          150 150   5    5    0.1
3 8  9  1  1  0        1       5   5   5    5    0.1
3 9  10 4  1  0        1        5  5   5    5    0.1
3 9  6  1  1  0        1        5   5   5    5    0.1
3 11 6  1  2  0        1        5   5  5    5    3
3 12 0  1  1  0        1         5  5   5  5    0.5
3 12 2  7  1  0        1         5   5   5  5    0.5
3 12 11 1  1  0        1          5   5   5  5    0.5
3 12 1  1  1  0        1          5   5   5  5    0.5
3 9  9  4  1  1   1        150150  5  5    0.1
