2 0  8  0  0   0  0        19.399       1   1   1    7    3
3 0  5  0  0   0  0        424.115      1   1   0.4  2    0.5
3 0  3  0  0   0  0        31.416       1   1   2    2    0.1
4 1  0  0  2   0  4.524      0          1   2   1    1    0.1
3 2  6  0  2   0  0.565    3.392        2   10  2    2    3
4 3  0  0  0   0  44.768      0         1   7   1    1    0.1
4 3  2  0  2   0  11.31     0           1   4   1    1    0.1
1 4  0  0  2   0  1.257    0.188        10  80  2    7    2
3 4  2  0  0   0  4.712    9.425        0.7 80  2    2    6
3 4  3  0  2   0  0.942    18.85        2   2   4    5    4
5 5  7  0  2   0  0        6.283        1   1   0.4  3    0.1
5 5  8  0  0   0  0        4.948        1   1   2    2    1
3 6  4  0  0   0  0        50.265       1   1   2    2    0.1
3 6  5  0  0   0  0        47.124       1   1   2    2    0.1
4 7  8  0  0   0  386.57     0          0.4 2   1    1    0.1
3 8  9  0  0   0  0        25.447       1   1   2    2    0.1
3 9  10 0  2   0  0        0.212        1   1   2    2    0.1
3 9  6  0  0   0  0        188.5        1   1   2    2    0.1
3 11 6  0  0   0  0        0.188        1   1   2    2    3
3 12 0  0  0   0  0        27          1   1   0.4  2    0.5
3 12 2  0  2   0  0        27          1   1   0.4  2    0.5
3 12 11 0  0   0  0        27          1   1   0.4  2    0.5
3 12 1  0  0   0  0        27          1   1   0.4  2    0.5
3 9  9  0  2   0  0.0157   0.141        0.7 80  0.4  2    0.1
