2 0  8  1  1  0        741       1   1   1    7    3
3 0  5  1  1  0        2700      1   1   0.1  2    0.5
3 0  3  1  1  0        2000      1   1   2    2    0.1
4 1  0  4  1  360      0         1   2   1    1    0.1
3 2  6  1  2  60       60        2   10  2    2    3
4 3  0  1  0  475      0         1   7   1    1    0.1
4 3  0  1  1  475      0         1   7   1    1    0.1
4 3  0  1  2  475      0         1   7   1    1    0.1
4 3  2  7  0  2461     0         1   4   1    1    0.1
4 3  2  7  1  2461     0         1   4   1    1    0.1
4 3  2  7  2  2461     0         1   4   1    1    0.1
1 4  0  4  2  150      1000      10  80  2    7    2
3 4  2  1  2  100      200       0.7 80  2    2    6
3 4  3  4  1  200      300       2   2   4    5    4
5 5  7  4  1  0        400       1   1   0.1  3    0.1
5 5  8  1  1  0        63        1   1   2    2    1
3 6  4  1  1  0        200       1   1   2    2    0.1
3 6  5  1  1  0        300       1   1   2    2    0.1
4 7  8  1  1  4922     0         0.1 2   1    1    0.1
3 8  9  1  1  0        180       1   1   2    2    0.1
3 9  10 4  1  0        100       1   1   2    2    0.1
3 9  6  1  1  0        250       1   1   2    2    0.1
3 9  9  4  1  1        9         0.7 80  0.1  2    0.1
4 10 9  1  1  783      0         1   7   1    1    0.1
3 11 6  1  2  0        20        1   1   2    2    3
3 12 0  1  1  0        270       1   1   0.1  2    0.5
3 12 2  7  1  0        270       1   1   0.1  2    0.5
3 12 11 1  1  0        270       1   1   0.1  2    0.5
3 12 1  1  1  0        270       1   1   0.1  2    0.5
